Textures

Collision Map (C UDLR)
2 ...X

Layout
211111111111111111111111111111111111111111111111111111111111
2     111111111111111111111111111111111111111111111111111111
2     111111111111111111111111111111111111111111111111111111
2     1111111                              11111111111111111
2     11111111                            111111111111111111
2     111111111                          1111111111111111111
2     111111111111111111111111111111111111111111111111111111
2                                                          1
2                                                          1
2                                                          1
2            111111111111111111111111111111            11111
2           111                          111           11111
2          111                            111          11111
          111                              111         11111
    11111111111111111111111111111111111111111111111111111111
     11
      1
      1
      1
      1